1920 1 1 100 2.830744e-05
1920 1 1 200 2.779722e-05
1920 1 1 300 2.546310e-05
1920 1 1 400 2.379656e-05
1920 1 1 500 4.427910e-05
1920 1 1 600 4.578829e-05
1920 1 1 700 4.595757e-05
1920 1 1 800 4.287720e-05
1920 1 1 900 4.650354e-05
1920 1 1 1000 4.549265e-05
1920 1 1 1100 4.794836e-05
1920 1 1 1200 6.031275e-05
1920 1 1 1300 4.332542e-05
1920 1 1 1400 4.273891e-05
1920 1 1 1500 4.173517e-05
1920 1 1 1600 4.178524e-05
1920 1 1 1700 4.338503e-05
1920 1 1 1800 4.228354e-05
1920 1 1 1900 4.293680e-05
1920 1 1 2000 4.332542e-05
1920 1 1 2100 4.299164e-05
1920 1 1 2200 4.252672e-05
1920 1 1 2300 4.265547e-05
1920 1 1 2400 4.333019e-05
1920 1 1 2500 4.231691e-05
1920 1 1 2600 4.218817e-05
1920 1 1 2700 4.694223e-05
1920 1 1 2800 4.165649e-05
1920 1 1 2900 4.502773e-05
1920 1 1 3000 4.231930e-05
1920 1 1 3100 4.272223e-05
1920 1 1 3200 4.271984e-05
1920 1 1 3300 4.222393e-05
1920 1 1 3400 4.208565e-05
1920 1 1 3500 4.311562e-05
1920 1 1 3600 4.243135e-05
1920 1 1 3700 4.319429e-05
1920 1 1 3800 4.209042e-05
1920 1 1 3900 4.220009e-05
1920 1 1 4000 4.240751e-05
1920 1 1 4100 4.289627e-05
1920 1 1 4200 4.310608e-05
1920 1 1 4300 4.300833e-05
1920 1 1 4400 4.309893e-05
1920 1 1 4500 4.474401e-05
1920 1 1 4600 4.646778e-05
1920 1 1 4700 4.381895e-05
1920 1 1 4800 4.428864e-05
1920 1 1 4900 4.627466e-05
1920 1 1 5000 4.239798e-05
1920 1 1 5100 4.261255e-05
1920 1 1 5200 4.356623e-05
1920 1 1 5300 4.341364e-05
1920 1 1 5400 4.456758e-05
1920 1 1 5500 4.184723e-05
1920 1 1 5600 4.455566e-05
1920 1 1 5700 4.621744e-05
1920 1 1 5800 4.375935e-05
1920 1 1 5900 4.512548e-05
1920 1 1 6000 4.559040e-05
1920 1 1 6100 4.492760e-05
1920 1 1 6200 4.727602e-05
1920 1 1 6300 4.358053e-05
1920 1 1 6400 4.293680e-05
1920 1 1 6500 4.953623e-05
1920 1 1 6600 4.382610e-05
1920 1 1 6700 5.961180e-05
1920 1 1 6800 4.466057e-05
1920 1 1 6900 4.880428e-05
1920 1 1 7000 4.448891e-05
1920 1 1 7100 4.390240e-05
1920 1 1 7200 4.732132e-05
1920 1 1 7300 4.359245e-05
1920 1 1 7400 4.407167e-05
1920 1 1 7500 4.593611e-05
1920 1 1 7600 5.147934e-05
1920 1 1 7700 6.088734e-05
1920 1 1 7800 4.569292e-05
1920 1 1 7900 4.557133e-05
1920 1 1 8000 4.449129e-05
1920 1 1 8100 6.638288e-05
1920 1 1 8200 6.956100e-05
1920 1 1 8300 4.901171e-05
1920 1 1 8400 5.088329e-05
1920 1 1 8500 4.790306e-05
1920 1 1 8600 4.769325e-05
1920 1 1 8700 6.875992e-05
1920 1 1 8800 5.055428e-05
1920 1 1 8900 7.629156e-05
1920 1 1 9000 4.963636e-05
1920 1 1 9100 6.947517e-05
1920 1 1 9200 6.986380e-05
1920 1 1 9300 4.929066e-05
1920 1 1 9400 5.213737e-05
1920 1 1 9500 5.660772e-05
1920 1 1 9600 9.861231e-05
1920 1 1 9700 5.150318e-05
1920 1 1 9800 7.000446e-05
1920 1 1 9900 4.963398e-05
1920 1 1 10000 5.200863e-05
1920 1 1 20000 7.877111e-05
1920 1 1 30000 5.094767e-05
1920 1 1 40000 5.234957e-05
1920 1 1 50000 5.538940e-05
1920 1 1 60000 7.626057e-05
1920 1 1 70000 5.907297e-05
1920 1 1 80000 6.167650e-05
1920 1 1 90000 6.487370e-05
1920 1 1 100000 7.440090e-05
1920 1 1 200000 9.809017e-05
1920 1 1 300000 1.286554e-04
1920 1 1 400000 1.509643e-04
1920 1 1 500000 1.716805e-04
1920 1 1 600000 1.945877e-04
1920 1 1 700000 2.213335e-04
1920 1 1 800000 2.401233e-04
1920 1 1 900000 2.601409e-04
1920 1 1 1000000 2.834630e-04
1920 1 1 2000000 5.208635e-04
1920 1 1 3000000 7.531977e-04
1920 1 1 4000000 9.902716e-04
1920 1 1 5000000 1.094921e-03
1920 1 1 6000000 1.306629e-03
1920 1 1 7000000 1.517258e-03
1920 1 1 8000000 1.725328e-03
1920 1 1 9000000 1.935339e-03
1920 2 1 100 3.132582e-05
1920 2 1 200 2.737045e-05
1920 2 1 300 2.694607e-05
1920 2 1 400 3.562212e-05
1920 2 1 500 5.373240e-05
1920 2 1 600 5.181313e-05
1920 2 1 700 4.956722e-05
1920 2 1 800 5.362511e-05
1920 2 1 900 4.997969e-05
1920 2 1 1000 6.081820e-05
1920 2 1 1100 5.651236e-05
1920 2 1 1200 5.278587e-05
1920 2 1 1300 4.839420e-05
1920 2 1 1400 5.411386e-05
1920 2 1 1500 5.381584e-05
1920 2 1 1600 4.822493e-05
1920 2 1 1700 4.965305e-05
1920 2 1 1800 5.060911e-05
1920 2 1 1900 5.947113e-05
1920 2 1 2000 4.802942e-05
1920 2 1 2100 4.711866e-05
1920 2 1 2200 5.106688e-05
1920 2 1 2300 5.128145e-05
1920 2 1 2400 4.994631e-05
1920 2 1 2500 4.916430e-05
1920 2 1 2600 4.893780e-05
1920 2 1 2700 4.846334e-05
1920 2 1 2800 4.868269e-05
1920 2 1 2900 4.586697e-05
1920 2 1 3000 5.327225e-05
1920 2 1 3100 5.171299e-05
1920 2 1 3200 5.065680e-05
1920 2 1 3300 5.489826e-05
1920 2 1 3400 5.072832e-05
1920 2 1 3500 5.718708e-05
1920 2 1 3600 4.748344e-05
1920 2 1 3700 4.842997e-05
1920 2 1 3800 5.499125e-05
1920 2 1 3900 5.925655e-05
1920 2 1 4000 5.213499e-05
1920 2 1 4100 5.035162e-05
1920 2 1 4200 5.203962e-05
1920 2 1 4300 5.244255e-05
1920 2 1 4400 5.324125e-05
1920 2 1 4500 5.433798e-05
1920 2 1 4600 5.119801e-05
1920 2 1 4700 6.026506e-05
1920 2 1 4800 5.259037e-05
1920 2 1 4900 5.497456e-05
1920 2 1 5000 5.214691e-05
1920 2 1 5100 4.940748e-05
1920 2 1 5200 4.872561e-05
1920 2 1 5300 5.007744e-05
1920 2 1 5400 5.367279e-05
1920 2 1 5500 5.272388e-05
1920 2 1 5600 5.415678e-05
1920 2 1 5700 5.181074e-05
1920 2 1 5800 4.959345e-05
1920 2 1 5900 5.587816e-05
1920 2 1 6000 4.801035e-05
1920 2 1 6100 5.019903e-05
1920 2 1 6200 4.890680e-05
1920 2 1 6300 5.510807e-05
1920 2 1 6400 5.692720e-05
1920 2 1 6500 4.973650e-05
1920 2 1 6600 5.162954e-05
1920 2 1 6700 5.295515e-05
1920 2 1 6800 5.656242e-05
1920 2 1 6900 5.593538e-05
1920 2 1 7000 5.278349e-05
1920 2 1 7100 5.235672e-05
1920 2 1 7200 5.147934e-05
1920 2 1 7300 5.696297e-05
1920 2 1 7400 5.167961e-05
1920 2 1 7500 5.575895e-05
1920 2 1 7600 5.793571e-05
1920 2 1 7700 6.014109e-05
1920 2 1 7800 5.305290e-05
1920 2 1 7900 4.964590e-05
1920 2 1 8000 5.601168e-05
1920 2 1 8100 5.430460e-05
1920 2 1 8200 5.306005e-05
1920 2 1 8300 5.191565e-05
1920 2 1 8400 5.184889e-05
1920 2 1 8500 5.278111e-05
1920 2 1 8600 5.306005e-05
1920 2 1 8700 5.827665e-05
1920 2 1 8800 5.206823e-05
1920 2 1 8900 5.276918e-05
1920 2 1 9000 5.476952e-05
1920 2 1 9100 6.367207e-05
1920 2 1 9200 5.292177e-05
1920 2 1 9300 5.775690e-05
1920 2 1 9400 5.346537e-05
1920 2 1 9500 5.109787e-05
1920 2 1 9600 6.069899e-05
1920 2 1 9700 5.178690e-05
1920 2 1 9800 5.631685e-05
1920 2 1 9900 5.558252e-05
1920 2 1 10000 5.366325e-05
1920 2 1 20000 5.764008e-05
1920 2 1 30000 6.174564e-05
1920 2 1 40000 6.363153e-05
1920 2 1 50000 6.592035e-05
1920 2 1 60000 7.228613e-05
1920 2 1 70000 7.893801e-05
1920 2 1 80000 8.467197e-05
1920 2 1 90000 9.039879e-05
1920 2 1 100000 9.917974e-05
1920 2 1 200000 1.586103e-04
1920 2 1 300000 2.130747e-04
1920 2 1 400000 2.703261e-04
1920 2 1 500000 3.262091e-04
1920 2 1 600000 3.841853e-04
1920 2 1 700000 4.419398e-04
1920 2 1 800000 4.993534e-04
1920 2 1 900000 5.583739e-04
1920 2 1 1000000 6.156611e-04
1920 2 1 2000000 1.185973e-03
1920 2 1 3000000 1.753283e-03
1920 2 1 4000000 2.312675e-03
1920 2 1 5000000 3.715262e-03
1920 2 1 6000000 4.586630e-03
1920 2 1 7000000 4.758141e-03
1920 2 1 8000000 6.140237e-03
1920 2 1 9000000 6.869607e-03
1920 3 1 100 2.568007e-05
1920 3 1 200 2.657175e-05
1920 3 1 300 2.793789e-05
1920 3 1 400 2.793550e-05
1920 3 1 500 4.978418e-05
1920 3 1 600 5.307674e-05
1920 3 1 700 5.030632e-05
1920 3 1 800 5.327702e-05
1920 3 1 900 4.958391e-05
1920 3 1 1000 5.127192e-05
1920 3 1 1100 4.875183e-05
1920 3 1 1200 4.898548e-05
1920 3 1 1300 4.910946e-05
1920 3 1 1400 4.966259e-05
1920 3 1 1500 4.972219e-05
1920 3 1 1600 5.474091e-05
1920 3 1 1700 4.925728e-05
1920 3 1 1800 5.016088e-05
1920 3 1 1900 5.024195e-05
1920 3 1 2000 5.027056e-05
1920 3 1 2100 5.085468e-05
1920 3 1 2200 5.175352e-05
1920 3 1 2300 4.958153e-05
1920 3 1 2400 4.830837e-05
1920 3 1 2500 5.015612e-05
1920 3 1 2600 5.051613e-05
1920 3 1 2700 4.990816e-05
1920 3 1 2800 4.954100e-05
1920 3 1 2900 4.848480e-05
1920 3 1 3000 5.756617e-05
1920 3 1 3100 4.838228e-05
1920 3 1 3200 4.898548e-05
1920 3 1 3300 4.850149e-05
1920 3 1 3400 5.721569e-05
1920 3 1 3500 5.039215e-05
1920 3 1 3600 5.277872e-05
1920 3 1 3700 5.986929e-05
1920 3 1 3800 5.330563e-05
1920 3 1 3900 5.053282e-05
1920 3 1 4000 5.992889e-05
1920 3 1 4100 5.511045e-05
1920 3 1 4200 5.422354e-05
1920 3 1 4300 5.377054e-05
1920 3 1 4400 5.226851e-05
1920 3 1 4500 5.602360e-05
1920 3 1 4600 6.960869e-05
1920 3 1 4700 5.110502e-05
1920 3 1 4800 5.064964e-05
1920 3 1 4900 5.244017e-05
1920 3 1 5000 5.321503e-05
1920 3 1 5100 5.091190e-05
1920 3 1 5200 5.216360e-05
1920 3 1 5300 5.145073e-05
1920 3 1 5400 5.143404e-05
1920 3 1 5500 5.146742e-05
1920 3 1 5600 5.006790e-05
1920 3 1 5700 5.193710e-05
1920 3 1 5800 5.435467e-05
1920 3 1 5900 5.321264e-05
1920 3 1 6000 5.126953e-05
1920 3 1 6100 5.469799e-05
1920 3 1 6200 4.983902e-05
1920 3 1 6300 5.075216e-05
1920 3 1 6400 5.634069e-05
1920 3 1 6500 5.817175e-05
1920 3 1 6600 5.231619e-05
1920 3 1 6700 6.301641e-05
1920 3 1 6800 5.076408e-05
1920 3 1 6900 5.344152e-05
1920 3 1 7000 5.277872e-05
1920 3 1 7100 5.289793e-05
1920 3 1 7200 5.931377e-05
1920 3 1 7300 5.787611e-05
1920 3 1 7400 5.726099e-05
1920 3 1 7500 5.794287e-05
1920 3 1 7600 5.874634e-05
1920 3 1 7700 5.300522e-05
1920 3 1 7800 5.892277e-05
1920 3 1 7900 5.187750e-05
1920 3 1 8000 5.521774e-05
1920 3 1 8100 5.642891e-05
1920 3 1 8200 5.415916e-05
1920 3 1 8300 5.527258e-05
1920 3 1 8400 5.294800e-05
1920 3 1 8500 5.296230e-05
1920 3 1 8600 5.345583e-05
1920 3 1 8700 5.584478e-05
1920 3 1 8800 5.782604e-05
1920 3 1 8900 5.212784e-05
1920 3 1 9000 5.258560e-05
1920 3 1 9100 5.299807e-05
1920 3 1 9200 5.711794e-05
1920 3 1 9300 5.356312e-05
1920 3 1 9400 5.445242e-05
1920 3 1 9500 5.213022e-05
1920 3 1 9600 5.420446e-05
1920 3 1 9700 5.700827e-05
1920 3 1 9800 5.363464e-05
1920 3 1 9900 5.309820e-05
1920 3 1 10000 5.429983e-05
1920 3 1 20000 5.907297e-05
1920 3 1 30000 6.751776e-05
1920 3 1 40000 7.728815e-05
1920 3 1 50000 8.584261e-05
1920 3 1 60000 9.314537e-05
1920 3 1 70000 1.057696e-04
1920 3 1 80000 1.167059e-04
1920 3 1 90000 1.263881e-04
1920 3 1 100000 1.395202e-04
1920 3 1 200000 2.447510e-04
1920 3 1 300000 3.590322e-04
1920 3 1 400000 4.703665e-04
1920 3 1 500000 5.767679e-04
1920 3 1 600000 6.858563e-04
1920 3 1 700000 7.883644e-04
1920 3 1 800000 8.953643e-04
1920 3 1 900000 1.009111e-03
1920 3 1 1000000 1.117396e-03
1920 3 1 2000000 2.180099e-03
1920 3 1 3000000 3.251734e-03
1920 3 1 4000000 4.289670e-03
1920 3 1 5000000 5.497546e-03
1920 3 1 6000000 7.123902e-03
1920 3 1 7000000 8.237586e-03
1920 3 1 8000000 1.123686e-02
1920 3 1 9000000 1.021796e-02
1920 4 1 100 2.701998e-05
1920 4 1 200 2.864599e-05
1920 4 1 300 2.970457e-05
1920 4 1 400 2.830744e-05
1920 4 1 500 5.038977e-05
1920 4 1 600 5.100012e-05
1920 4 1 700 4.902840e-05
1920 4 1 800 5.472183e-05
1920 4 1 900 5.156040e-05
1920 4 1 1000 5.115986e-05
1920 4 1 1100 5.088329e-05
1920 4 1 1200 5.098104e-05
1920 4 1 1300 5.311728e-05
1920 4 1 1400 5.057335e-05
1920 4 1 1500 5.050659e-05
1920 4 1 1600 4.867792e-05
1920 4 1 1700 5.044937e-05
1920 4 1 1800 5.063057e-05
1920 4 1 1900 4.886627e-05
1920 4 1 2000 4.922628e-05
1920 4 1 2100 5.009651e-05
1920 4 1 2200 5.077600e-05
1920 4 1 2300 4.901886e-05
1920 4 1 2400 5.132914e-05
1920 4 1 2500 5.404711e-05
1920 4 1 2600 5.728006e-05
1920 4 1 2700 5.192280e-05
1920 4 1 2800 5.439520e-05
1920 4 1 2900 5.113363e-05
1920 4 1 3000 5.423307e-05
1920 4 1 3100 5.696774e-05
1920 4 1 3200 4.919052e-05
1920 4 1 3300 5.666018e-05
1920 4 1 3400 5.622864e-05
1920 4 1 3500 5.307436e-05
1920 4 1 3600 5.423307e-05
1920 4 1 3700 5.016565e-05
1920 4 1 3800 5.057096e-05
1920 4 1 3900 5.336285e-05
1920 4 1 4000 5.218506e-05
1920 4 1 4100 5.293369e-05
1920 4 1 4200 5.408764e-05
1920 4 1 4300 5.120277e-05
1920 4 1 4400 5.103827e-05
1920 4 1 4500 5.655766e-05
1920 4 1 4600 5.470991e-05
1920 4 1 4700 5.624771e-05
1920 4 1 4800 5.479336e-05
1920 4 1 4900 5.040407e-05
1920 4 1 5000 5.076170e-05
1920 4 1 5100 5.061150e-05
1920 4 1 5200 5.179405e-05
1920 4 1 5300 5.336761e-05
1920 4 1 5400 5.104542e-05
1920 4 1 5500 5.543470e-05
1920 4 1 5600 5.041122e-05
1920 4 1 5700 4.997492e-05
1920 4 1 5800 5.190134e-05
1920 4 1 5900 5.082846e-05
1920 4 1 6000 5.153656e-05
1920 4 1 6100 5.351305e-05
1920 4 1 6200 5.539894e-05
1920 4 1 6300 5.224705e-05
1920 4 1 6400 5.228043e-05
1920 4 1 6500 5.387068e-05
1920 4 1 6600 5.217314e-05
1920 4 1 6700 5.113840e-05
1920 4 1 6800 5.567074e-05
1920 4 1 6900 5.634069e-05
1920 4 1 7000 5.294800e-05
1920 4 1 7100 5.344868e-05
1920 4 1 7200 5.537748e-05
1920 4 1 7300 5.452871e-05
1920 4 1 7400 5.304098e-05
1920 4 1 7500 5.241871e-05
1920 4 1 7600 5.186558e-05
1920 4 1 7700 5.216599e-05
1920 4 1 7800 5.265236e-05
1920 4 1 7900 5.460739e-05
1920 4 1 8000 5.377531e-05
1920 4 1 8100 5.461216e-05
1920 4 1 8200 5.613089e-05
1920 4 1 8300 5.414486e-05
1920 4 1 8400 6.207943e-05
1920 4 1 8500 6.617308e-05
1920 4 1 8600 5.284309e-05
1920 4 1 8700 5.810738e-05
1920 4 1 8800 6.753206e-05
1920 4 1 8900 5.468369e-05
1920 4 1 9000 6.833553e-05
1920 4 1 9100 5.844831e-05
1920 4 1 9200 5.739927e-05
1920 4 1 9300 5.489826e-05
1920 4 1 9400 5.409956e-05
1920 4 1 9500 6.117105e-05
1920 4 1 9600 7.111549e-05
1920 4 1 9700 5.477190e-05
1920 4 1 9800 6.285906e-05
1920 4 1 9900 5.961657e-05
1920 4 1 10000 5.436420e-05
1920 4 1 20000 6.723642e-05
1920 4 1 30000 7.387161e-05
1920 4 1 40000 8.711815e-05
1920 4 1 50000 1.019263e-04
1920 4 1 60000 1.199293e-04
1920 4 1 70000 1.385856e-04
1920 4 1 80000 1.528835e-04
1920 4 1 90000 1.678944e-04
1920 4 1 100000 1.803327e-04
1920 4 1 200000 3.452611e-04
1920 4 1 300000 4.999495e-04
1920 4 1 400000 6.596875e-04
1920 4 1 500000 8.124661e-04
1920 4 1 600000 9.693480e-04
1920 4 1 700000 1.128788e-03
1920 4 1 800000 1.287611e-03
1920 4 1 900000 1.441803e-03
1920 4 1 1000000 1.605058e-03
1920 4 1 2000000 3.157866e-03
1920 4 1 3000000 4.715915e-03
1920 4 1 4000000 6.318934e-03
1920 4 1 5000000 1.079998e-02
1920 4 1 6000000 1.432117e-02
1920 4 1 7000000 1.425223e-02
1920 4 1 8000000 1.600613e-02
1920 4 1 9000000 1.953468e-02
1920 5 1 100 3.102541e-05
1920 5 1 200 2.895117e-05
1920 5 1 300 2.934694e-05
1920 5 1 400 3.003597e-05
1920 5 1 500 5.304098e-05
1920 5 1 600 5.353928e-05
1920 5 1 700 5.365133e-05
1920 5 1 800 5.190372e-05
1920 5 1 900 5.093336e-05
1920 5 1 1000 5.306959e-05
1920 5 1 1100 5.186081e-05
1920 5 1 1200 5.382776e-05
1920 5 1 1300 5.404711e-05
1920 5 1 1400 5.037308e-05
1920 5 1 1500 5.032778e-05
1920 5 1 1600 5.748034e-05
1920 5 1 1700 5.341768e-05
1920 5 1 1800 5.406618e-05
1920 5 1 1900 5.313396e-05
1920 5 1 2000 5.080938e-05
1920 5 1 2100 5.365610e-05
1920 5 1 2200 4.994154e-05
1920 5 1 2300 5.826712e-05
1920 5 1 2400 5.598783e-05
1920 5 1 2500 5.083084e-05
1920 5 1 2600 6.654978e-05
1920 5 1 2700 5.332708e-05
1920 5 1 2800 5.436659e-05
1920 5 1 2900 5.103350e-05
1920 5 1 3000 5.111933e-05
1920 5 1 3100 5.382061e-05
1920 5 1 3200 5.249739e-05
1920 5 1 3300 5.215168e-05
1920 5 1 3400 5.312681e-05
1920 5 1 3500 5.080938e-05
1920 5 1 3600 5.405903e-05
1920 5 1 3700 5.407572e-05
1920 5 1 3800 5.157471e-05
1920 5 1 3900 5.524397e-05
1920 5 1 4000 5.574942e-05
1920 5 1 4100 5.391359e-05
1920 5 1 4200 5.292654e-05
1920 5 1 4300 5.238533e-05
1920 5 1 4400 5.179405e-05
1920 5 1 4500 5.465508e-05
1920 5 1 4600 5.497456e-05
1920 5 1 4700 6.067991e-05
1920 5 1 4800 5.780697e-05
1920 5 1 4900 5.870104e-05
1920 5 1 5000 5.606174e-05
1920 5 1 5100 5.910873e-05
1920 5 1 5200 5.858898e-05
1920 5 1 5300 5.301952e-05
1920 5 1 5400 5.366087e-05
1920 5 1 5500 6.345510e-05
1920 5 1 5600 5.876303e-05
1920 5 1 5700 5.592823e-05
1920 5 1 5800 5.396366e-05
1920 5 1 5900 5.409002e-05
1920 5 1 6000 5.320787e-05
1920 5 1 6100 5.291939e-05
1920 5 1 6200 5.591393e-05
1920 5 1 6300 5.732775e-05
1920 5 1 6400 5.416393e-05
1920 5 1 6500 6.062746e-05
1920 5 1 6600 5.821228e-05
1920 5 1 6700 5.997658e-05
1920 5 1 6800 5.376577e-05
1920 5 1 6900 5.888224e-05
1920 5 1 7000 6.184340e-05
1920 5 1 7100 5.649090e-05
1920 5 1 7200 5.322695e-05
1920 5 1 7300 6.244183e-05
1920 5 1 7400 5.309105e-05
1920 5 1 7500 5.750656e-05
1920 5 1 7600 6.525278e-05
1920 5 1 7700 5.326271e-05
1920 5 1 7800 6.306887e-05
1920 5 1 7900 5.617142e-05
1920 5 1 8000 6.007195e-05
1920 5 1 8100 5.569696e-05
1920 5 1 8200 5.973816e-05
1920 5 1 8300 7.079601e-05
1920 5 1 8400 6.216049e-05
1920 5 1 8500 5.687237e-05
1920 5 1 8600 5.861998e-05
1920 5 1 8700 5.572557e-05
1920 5 1 8800 5.522013e-05
1920 5 1 8900 5.942583e-05
1920 5 1 9000 5.975246e-05
1920 5 1 9100 5.672693e-05
1920 5 1 9200 5.473852e-05
1920 5 1 9300 5.817175e-05
1920 5 1 9400 5.958557e-05
1920 5 1 9500 5.670547e-05
1920 5 1 9600 5.634308e-05
1920 5 1 9700 5.721569e-05
1920 5 1 9800 5.585194e-05
1920 5 1 9900 5.489349e-05
1920 5 1 10000 5.613804e-05
1920 5 1 20000 7.104158e-05
1920 5 1 30000 9.614468e-05
1920 5 1 40000 1.142693e-04
1920 5 1 50000 1.329851e-04
1920 5 1 60000 1.438403e-04
1920 5 1 70000 1.710272e-04
1920 5 1 80000 1.852417e-04
1920 5 1 90000 2.105808e-04
1920 5 1 100000 2.240348e-04
1920 5 1 200000 4.435325e-04
1920 5 1 300000 6.542850e-04
1920 5 1 400000 8.585143e-04
1920 5 1 500000 1.073742e-03
1920 5 1 600000 1.280246e-03
1920 5 1 700000 1.485596e-03
1920 5 1 800000 1.686881e-03
1920 5 1 900000 1.897302e-03
1920 5 1 1000000 2.116187e-03
1920 5 1 2000000 4.143097e-03
1920 5 1 3000000 6.245430e-03
1920 5 1 4000000 8.274813e-03
1920 5 1 5000000 1.366518e-02
1920 5 1 6000000 1.669870e-02
1920 5 1 7000000 2.009830e-02
1920 5 1 8000000 2.248641e-02
1920 5 1 9000000 2.435051e-02
1920 6 1 100 3.390312e-05
1920 6 1 200 3.501892e-05
1920 6 1 300 3.753185e-05
1920 6 1 400 3.057241e-05
1920 6 1 500 5.392075e-05
1920 6 1 600 5.698681e-05
1920 6 1 700 6.077290e-05
1920 6 1 800 5.563021e-05
1920 6 1 900 5.257368e-05
1920 6 1 1000 5.182981e-05
1920 6 1 1100 5.838871e-05
1920 6 1 1200 5.171776e-05
1920 6 1 1300 5.481243e-05
1920 6 1 1400 4.974842e-05
1920 6 1 1500 5.493164e-05
1920 6 1 1600 5.154133e-05
1920 6 1 1700 5.258322e-05
1920 6 1 1800 5.149364e-05
1920 6 1 1900 5.286217e-05
1920 6 1 2000 5.079269e-05
1920 6 1 2100 5.164146e-05
1920 6 1 2200 5.024195e-05
1920 6 1 2300 5.170107e-05
1920 6 1 2400 5.156994e-05
1920 6 1 2500 5.205631e-05
1920 6 1 2600 5.098820e-05
1920 6 1 2700 5.290031e-05
1920 6 1 2800 5.293131e-05
1920 6 1 2900 5.087614e-05
1920 6 1 3000 5.877733e-05
1920 6 1 3100 5.173206e-05
1920 6 1 3200 5.874395e-05
1920 6 1 3300 5.232096e-05
1920 6 1 3400 5.218744e-05
1920 6 1 3500 5.295515e-05
1920 6 1 3600 5.181551e-05
1920 6 1 3700 5.756617e-05
1920 6 1 3800 5.421162e-05
1920 6 1 3900 5.262852e-05
1920 6 1 4000 5.316496e-05
1920 6 1 4100 5.621195e-05
1920 6 1 4200 5.587816e-05
1920 6 1 4300 5.575657e-05
1920 6 1 4400 5.452156e-05
1920 6 1 4500 5.218029e-05
1920 6 1 4600 5.295038e-05
1920 6 1 4700 5.691528e-05
1920 6 1 4800 6.179810e-05
1920 6 1 4900 5.466461e-05
1920 6 1 5000 5.620718e-05
1920 6 1 5100 5.861998e-05
1920 6 1 5200 5.708218e-05
1920 6 1 5300 5.420208e-05
1920 6 1 5400 5.493641e-05
1920 6 1 5500 5.229950e-05
1920 6 1 5600 5.530357e-05
1920 6 1 5700 5.337238e-05
1920 6 1 5800 5.549908e-05
1920 6 1 5900 6.192207e-05
1920 6 1 6000 5.796909e-05
1920 6 1 6100 5.574226e-05
1920 6 1 6200 5.567551e-05
1920 6 1 6300 5.993843e-05
1920 6 1 6400 5.784512e-05
1920 6 1 6500 5.738974e-05
1920 6 1 6600 5.542040e-05
1920 6 1 6700 5.460024e-05
1920 6 1 6800 5.844355e-05
1920 6 1 6900 5.781412e-05
1920 6 1 7000 5.683422e-05
1920 6 1 7100 5.614519e-05
1920 6 1 7200 5.544424e-05
1920 6 1 7300 5.963087e-05
1920 6 1 7400 5.990744e-05
1920 6 1 7500 5.537987e-05
1920 6 1 7600 6.210327e-05
1920 6 1 7700 5.453348e-05
1920 6 1 7800 5.888224e-05
1920 6 1 7900 5.742311e-05
1920 6 1 8000 5.734682e-05
1920 6 1 8100 5.663157e-05
1920 6 1 8200 6.206274e-05
1920 6 1 8300 5.894184e-05
1920 6 1 8400 6.555796e-05
1920 6 1 8500 5.699873e-05
1920 6 1 8600 5.570650e-05
1920 6 1 8700 6.236553e-05
1920 6 1 8800 6.700277e-05
1920 6 1 8900 5.839825e-05
1920 6 1 9000 6.406307e-05
1920 6 1 9100 5.874395e-05
1920 6 1 9200 5.973577e-05
1920 6 1 9300 5.946636e-05
1920 6 1 9400 6.360769e-05
1920 6 1 9500 6.115437e-05
1920 6 1 9600 6.555557e-05
1920 6 1 9700 6.226301e-05
1920 6 1 9800 6.143808e-05
1920 6 1 9900 5.864382e-05
1920 6 1 10000 6.564379e-05
1920 6 1 20000 7.479429e-05
1920 6 1 30000 9.504557e-05
1920 6 1 40000 1.211309e-04
1920 6 1 50000 1.456308e-04
1920 6 1 60000 1.715374e-04
1920 6 1 70000 2.020645e-04
1920 6 1 80000 2.252197e-04
1920 6 1 90000 2.527642e-04
1920 6 1 100000 2.784252e-04
1920 6 1 200000 5.590725e-04
1920 6 1 300000 8.418512e-04
1920 6 1 400000 1.098289e-03
1920 6 1 500000 1.365626e-03
1920 6 1 600000 1.632144e-03
1920 6 1 700000 1.904309e-03
1920 6 1 800000 2.154446e-03
1920 6 1 900000 2.427948e-03
1920 6 1 1000000 2.717006e-03
1920 6 1 2000000 5.392227e-03
1920 6 1 3000000 8.040431e-03
1920 6 1 4000000 1.072633e-02
1920 6 1 5000000 1.569375e-02
1920 6 1 6000000 1.900518e-02
1920 6 1 7000000 2.049694e-02
1920 6 1 8000000 2.384887e-02
1920 6 1 9000000 2.933148e-02
1920 7 1 100 2.793074e-05
1920 7 1 200 2.964973e-05
1920 7 1 300 2.862453e-05
1920 7 1 400 3.560781e-05
1920 7 1 500 5.250216e-05
1920 7 1 600 5.218029e-05
1920 7 1 700 5.531311e-05
1920 7 1 800 5.897284e-05
1920 7 1 900 5.221844e-05
1920 7 1 1000 5.270720e-05
1920 7 1 1100 5.321980e-05
1920 7 1 1200 5.510092e-05
1920 7 1 1300 5.665541e-05
1920 7 1 1400 5.724669e-05
1920 7 1 1500 5.649090e-05
1920 7 1 1600 6.126642e-05
1920 7 1 1700 5.725384e-05
1920 7 1 1800 5.317211e-05
1920 7 1 1900 5.838633e-05
1920 7 1 2000 5.099773e-05
1920 7 1 2100 5.241394e-05
1920 7 1 2200 5.227804e-05
1920 7 1 2300 7.363796e-05
1920 7 1 2400 5.429268e-05
1920 7 1 2500 5.845070e-05
1920 7 1 2600 5.228996e-05
1920 7 1 2700 5.141735e-05
1920 7 1 2800 5.339146e-05
1920 7 1 2900 5.649090e-05
1920 7 1 3000 5.402088e-05
1920 7 1 3100 5.131960e-05
1920 7 1 3200 5.459785e-05
1920 7 1 3300 5.253792e-05
1920 7 1 3400 5.646706e-05
1920 7 1 3500 5.512238e-05
1920 7 1 3600 5.261183e-05
1920 7 1 3700 5.386829e-05
1920 7 1 3800 5.235672e-05
1920 7 1 3900 5.336761e-05
1920 7 1 4000 5.195141e-05
1920 7 1 4100 6.405830e-05
1920 7 1 4200 5.840540e-05
1920 7 1 4300 6.981373e-05
1920 7 1 4400 7.248402e-05
1920 7 1 4500 5.459547e-05
1920 7 1 4600 6.245613e-05
1920 7 1 4700 5.873919e-05
1920 7 1 4800 6.673574e-05
1920 7 1 4900 5.541325e-05
1920 7 1 5000 6.042957e-05
1920 7 1 5100 6.870508e-05
1920 7 1 5200 6.371498e-05
1920 7 1 5300 5.556583e-05
1920 7 1 5400 5.911112e-05
1920 7 1 5500 5.444288e-05
1920 7 1 5600 5.388737e-05
1920 7 1 5700 5.923510e-05
1920 7 1 5800 5.807161e-05
1920 7 1 5900 5.658627e-05
1920 7 1 6000 5.647659e-05
1920 7 1 6100 5.635977e-05
1920 7 1 6200 5.712748e-05
1920 7 1 6300 5.379915e-05
1920 7 1 6400 5.400181e-05
1920 7 1 6500 5.435705e-05
1920 7 1 6600 5.684376e-05
1920 7 1 6700 5.464554e-05
1920 7 1 6800 5.619049e-05
1920 7 1 6900 6.513596e-05
1920 7 1 7000 5.719423e-05
1920 7 1 7100 6.848812e-05
1920 7 1 7200 5.487919e-05
1920 7 1 7300 8.062363e-05
1920 7 1 7400 5.624533e-05
1920 7 1 7500 6.553411e-05
1920 7 1 7600 5.935669e-05
1920 7 1 7700 6.057501e-05
1920 7 1 7800 6.509066e-05
1920 7 1 7900 6.010294e-05
1920 7 1 8000 5.792618e-05
1920 7 1 8100 6.646395e-05
1920 7 1 8200 5.705833e-05
1920 7 1 8300 5.717754e-05
1920 7 1 8400 5.986929e-05
1920 7 1 8500 6.700039e-05
1920 7 1 8600 6.416559e-05
1920 7 1 8700 7.024288e-05
1920 7 1 8800 5.763531e-05
1920 7 1 8900 6.188393e-05
1920 7 1 9000 6.541014e-05
1920 7 1 9100 6.228685e-05
1920 7 1 9200 5.856752e-05
1920 7 1 9300 6.156921e-05
1920 7 1 9400 6.422520e-05
1920 7 1 9500 6.248951e-05
1920 7 1 9600 7.375240e-05
1920 7 1 9700 6.608725e-05
1920 7 1 9800 7.069349e-05
1920 7 1 9900 7.010221e-05
1920 7 1 10000 6.204128e-05
1920 7 1 20000 9.076595e-05
1920 7 1 30000 1.128006e-04
1920 7 1 40000 1.323962e-04
1920 7 1 50000 1.661158e-04
1920 7 1 60000 1.994944e-04
1920 7 1 70000 2.403164e-04
1920 7 1 80000 2.697372e-04
1920 7 1 90000 3.059983e-04
1920 7 1 100000 3.254509e-04
1920 7 1 200000 6.572700e-04
1920 7 1 300000 9.899998e-04
1920 7 1 400000 1.311181e-03
1920 7 1 500000 1.619656e-03
1920 7 1 600000 1.929188e-03
1920 7 1 700000 2.234223e-03
1920 7 1 800000 2.554941e-03
1920 7 1 900000 2.843621e-03
1920 7 1 1000000 3.175750e-03
1920 7 1 2000000 6.241858e-03
1920 7 1 3000000 9.260633e-03
1920 7 1 4000000 1.229544e-02
1920 7 1 5000000 2.323887e-02
1920 7 1 6000000 2.585455e-02
1920 7 1 7000000 2.814939e-02
1920 7 1 8000000 3.786494e-02
1920 7 1 9000000 3.890187e-02
1920 8 1 100 2.996445e-05
1920 8 1 200 2.914906e-05
1920 8 1 300 3.029585e-05
1920 8 1 400 3.207445e-05
1920 8 1 500 5.318165e-05
1920 8 1 600 5.183935e-05
1920 8 1 700 5.252123e-05
1920 8 1 800 5.144596e-05
1920 8 1 900 5.245209e-05
1920 8 1 1000 5.382299e-05
1920 8 1 1100 5.257607e-05
1920 8 1 1200 5.177736e-05
1920 8 1 1300 5.387306e-05
1920 8 1 1400 5.238771e-05
1920 8 1 1500 5.285501e-05
1920 8 1 1600 5.054951e-05
1920 8 1 1700 5.195141e-05
1920 8 1 1800 5.603313e-05
1920 8 1 1900 5.084276e-05
1920 8 1 2000 5.160809e-05
1920 8 1 2100 5.443573e-05
1920 8 1 2200 5.158901e-05
1920 8 1 2300 5.055189e-05
1920 8 1 2400 5.223274e-05
1920 8 1 2500 5.247593e-05
1920 8 1 2600 5.194426e-05
1920 8 1 2700 5.409241e-05
1920 8 1 2800 5.589008e-05
1920 8 1 2900 5.528688e-05
1920 8 1 3000 5.379915e-05
1920 8 1 3100 5.696774e-05
1920 8 1 3200 5.378723e-05
1920 8 1 3300 5.256176e-05
1920 8 1 3400 5.528688e-05
1920 8 1 3500 5.437374e-05
1920 8 1 3600 5.384684e-05
1920 8 1 3700 5.438089e-05
1920 8 1 3800 5.727053e-05
1920 8 1 3900 5.344152e-05
1920 8 1 4000 5.515814e-05
1920 8 1 4100 5.285025e-05
1920 8 1 4200 5.256891e-05
1920 8 1 4300 5.731583e-05
1920 8 1 4400 5.431175e-05
1920 8 1 4500 5.473137e-05
1920 8 1 4600 5.445480e-05
1920 8 1 4700 5.619526e-05
1920 8 1 4800 5.624771e-05
1920 8 1 4900 5.322695e-05
1920 8 1 5000 5.943298e-05
1920 8 1 5100 5.608320e-05
1920 8 1 5200 5.436897e-05
1920 8 1 5300 5.863667e-05
1920 8 1 5400 5.530119e-05
1920 8 1 5500 5.640030e-05
1920 8 1 5600 5.530596e-05
1920 8 1 5700 6.081104e-05
1920 8 1 5800 5.752087e-05
1920 8 1 5900 5.515337e-05
1920 8 1 6000 5.530834e-05
1920 8 1 6100 5.948782e-05
1920 8 1 6200 5.654335e-05
1920 8 1 6300 5.715609e-05
1920 8 1 6400 5.777121e-05
1920 8 1 6500 5.643368e-05
1920 8 1 6600 5.875826e-05
1920 8 1 6700 5.653858e-05
1920 8 1 6800 5.936146e-05
1920 8 1 6900 5.726099e-05
1920 8 1 7000 5.740166e-05
1920 8 1 7100 5.927086e-05
1920 8 1 7200 5.814075e-05
1920 8 1 7300 5.653381e-05
1920 8 1 7400 6.148815e-05
1920 8 1 7500 5.655766e-05
1920 8 1 7600 6.132126e-05
1920 8 1 7700 6.412506e-05
1920 8 1 7800 6.092072e-05
1920 8 1 7900 6.207466e-05
1920 8 1 8000 6.619453e-05
1920 8 1 8100 5.996704e-05
1920 8 1 8200 6.412983e-05
1920 8 1 8300 6.614923e-05
1920 8 1 8400 7.823229e-05
1920 8 1 8500 6.757498e-05
1920 8 1 8600 6.297588e-05
1920 8 1 8700 6.883383e-05
1920 8 1 8800 6.150246e-05
1920 8 1 8900 6.450653e-05
1920 8 1 9000 6.474733e-05
1920 8 1 9100 6.507158e-05
1920 8 1 9200 6.531000e-05
1920 8 1 9300 6.436110e-05
1920 8 1 9400 6.525755e-05
1920 8 1 9500 6.459713e-05
1920 8 1 9600 6.438971e-05
1920 8 1 9700 6.396770e-05
1920 8 1 9800 6.337404e-05
1920 8 1 9900 6.380081e-05
1920 8 1 10000 6.569386e-05
1920 8 1 20000 8.880615e-05
1920 8 1 30000 1.223564e-04
1920 8 1 40000 1.640940e-04
1920 8 1 50000 1.981306e-04
1920 8 1 60000 2.368593e-04
1920 8 1 70000 2.755880e-04
1920 8 1 80000 3.170848e-04
1920 8 1 90000 3.604269e-04
1920 8 1 100000 4.022574e-04
1920 8 1 200000 8.235097e-04
1920 8 1 300000 1.230001e-03
1920 8 1 400000 1.617668e-03
1920 8 1 500000 2.034168e-03
1920 8 1 600000 2.402964e-03
1920 8 1 700000 2.818089e-03
1920 8 1 800000 3.207598e-03
1920 8 1 900000 3.624952e-03
1920 8 1 1000000 4.044721e-03
1920 8 1 2000000 7.981193e-03
1920 8 1 3000000 1.187550e-02
1920 8 1 4000000 1.574887e-02
1920 8 1 5000000 2.690181e-02
1920 8 1 6000000 3.927103e-02
1920 8 1 7000000 4.166126e-02
1920 8 1 8000000 4.305727e-02
1920 8 1 9000000 5.045005e-02
1920 9 1 100 2.786160e-05
1920 9 1 200 3.026962e-05
1920 9 1 300 2.872467e-05
1920 9 1 400 3.035545e-05
1920 9 1 500 5.243063e-05
1920 9 1 600 5.414963e-05
1920 9 1 700 5.211592e-05
1920 9 1 800 5.327940e-05
1920 9 1 900 5.316019e-05
1920 9 1 1000 5.375624e-05
1920 9 1 1100 5.453110e-05
1920 9 1 1200 5.250454e-05
1920 9 1 1300 5.205393e-05
1920 9 1 1400 6.067276e-05
1920 9 1 1500 5.120754e-05
1920 9 1 1600 5.266428e-05
1920 9 1 1700 5.377293e-05
1920 9 1 1800 5.923510e-05
1920 9 1 1900 6.488085e-05
1920 9 1 2000 5.127192e-05
1920 9 1 2100 5.122662e-05
1920 9 1 2200 5.894661e-05
1920 9 1 2300 5.182266e-05
1920 9 1 2400 6.358385e-05
1920 9 1 2500 5.864859e-05
1920 9 1 2600 5.877495e-05
1920 9 1 2700 5.279779e-05
1920 9 1 2800 5.298853e-05
1920 9 1 2900 5.204916e-05
1920 9 1 3000 5.344868e-05
1920 9 1 3100 5.917549e-05
1920 9 1 3200 5.700350e-05
1920 9 1 3300 5.282640e-05
1920 9 1 3400 5.900860e-05
1920 9 1 3500 5.273819e-05
1920 9 1 3600 5.435467e-05
1920 9 1 3700 5.910158e-05
1920 9 1 3800 5.736351e-05
1920 9 1 3900 5.370140e-05
1920 9 1 4000 5.305529e-05
1920 9 1 4100 5.368948e-05
1920 9 1 4200 5.962372e-05
1920 9 1 4300 5.902290e-05
1920 9 1 4400 6.080866e-05
1920 9 1 4500 5.339622e-05
1920 9 1 4600 5.422354e-05
1920 9 1 4700 5.880117e-05
1920 9 1 4800 5.589485e-05
1920 9 1 4900 5.747557e-05
1920 9 1 5000 5.352497e-05
1920 9 1 5100 5.527735e-05
1920 9 1 5200 5.530596e-05
1920 9 1 5300 5.531073e-05
1920 9 1 5400 5.632162e-05
1920 9 1 5500 5.427837e-05
1920 9 1 5600 6.028652e-05
1920 9 1 5700 5.611420e-05
1920 9 1 5800 5.501270e-05
1920 9 1 5900 5.517960e-05
1920 9 1 6000 5.676508e-05
1920 9 1 6100 5.628347e-05
1920 9 1 6200 5.706787e-05
1920 9 1 6300 5.626440e-05
1920 9 1 6400 5.867720e-05
1920 9 1 6500 6.120920e-05
1920 9 1 6600 5.913734e-05
1920 9 1 6700 5.998135e-05
1920 9 1 6800 5.718708e-05
1920 9 1 6900 5.896568e-05
1920 9 1 7000 5.856037e-05
1920 9 1 7100 5.716562e-05
1920 9 1 7200 5.717278e-05
1920 9 1 7300 6.115675e-05
1920 9 1 7400 5.698681e-05
1920 9 1 7500 5.813837e-05
1920 9 1 7600 5.799055e-05
1920 9 1 7700 5.986929e-05
1920 9 1 7800 6.015301e-05
1920 9 1 7900 6.001234e-05
1920 9 1 8000 6.017447e-05
1920 9 1 8100 6.053925e-05
1920 9 1 8200 6.372213e-05
1920 9 1 8300 6.233454e-05
1920 9 1 8400 6.457567e-05
1920 9 1 8500 6.397009e-05
1920 9 1 8600 6.335974e-05
1920 9 1 8700 6.903648e-05
1920 9 1 8800 6.283522e-05
1920 9 1 8900 6.560802e-05
1920 9 1 9000 6.462097e-05
1920 9 1 9100 7.632494e-05
1920 9 1 9200 6.602287e-05
1920 9 1 9300 6.495476e-05
1920 9 1 9400 6.457090e-05
1920 9 1 9500 6.431818e-05
1920 9 1 9600 6.762505e-05
1920 9 1 9700 6.567240e-05
1920 9 1 9800 6.516695e-05
1920 9 1 9900 6.635189e-05
1920 9 1 10000 6.696939e-05
1920 9 1 20000 9.593248e-05
1920 9 1 30000 1.357532e-04
1920 9 1 40000 1.754689e-04
1920 9 1 50000 2.144718e-04
1920 9 1 60000 2.598381e-04
1920 9 1 70000 3.127146e-04
1920 9 1 80000 3.576636e-04
1920 9 1 90000 4.114318e-04
1920 9 1 100000 4.530859e-04
1920 9 1 200000 9.345484e-04
1920 9 1 300000 1.418850e-03
1920 9 1 400000 1.885846e-03
1920 9 1 500000 2.325535e-03
1920 9 1 600000 2.810454e-03
1920 9 1 700000 3.233492e-03
1920 9 1 800000 3.677192e-03
1920 9 1 900000 4.148850e-03
1920 9 1 1000000 4.603770e-03
1920 9 1 2000000 9.111257e-03
1920 9 1 3000000 1.343991e-02
1920 9 1 4000000 1.873476e-02
1920 9 1 5000000 3.160475e-02
1920 9 1 6000000 4.153291e-02
1920 9 1 7000000 4.438136e-02
1920 9 1 8000000 4.853770e-02
1920 9 1 9000000 5.923205e-02
1920 10 1 100 2.870321e-05
1920 10 1 200 3.041506e-05
1920 10 1 300 3.090620e-05
1920 10 1 400 3.157377e-05
1920 10 1 500 5.239010e-05
1920 10 1 600 5.957365e-05
1920 10 1 700 6.578207e-05
1920 10 1 800 6.355286e-05
1920 10 1 900 6.367922e-05
1920 10 1 1000 5.779505e-05
1920 10 1 1100 5.353928e-05
1920 10 1 1200 5.969763e-05
1920 10 1 1300 5.786180e-05
1920 10 1 1400 5.785942e-05
1920 10 1 1500 5.544901e-05
1920 10 1 1600 5.472898e-05
1920 10 1 1700 5.534410e-05
1920 10 1 1800 5.236387e-05
1920 10 1 1900 5.285501e-05
1920 10 1 2000 6.220818e-05
1920 10 1 2100 5.775690e-05
1920 10 1 2200 5.509377e-05
1920 10 1 2300 5.423307e-05
1920 10 1 2400 5.983114e-05
1920 10 1 2500 5.697489e-05
1920 10 1 2600 5.577326e-05
1920 10 1 2700 5.477190e-05
1920 10 1 2800 5.439043e-05
1920 10 1 2900 5.409718e-05
1920 10 1 3000 5.488873e-05
1920 10 1 3100 5.514145e-05
1920 10 1 3200 5.527973e-05
1920 10 1 3300 5.668402e-05
1920 10 1 3400 5.886078e-05
1920 10 1 3500 5.523920e-05
1920 10 1 3600 6.098747e-05
1920 10 1 3700 5.543947e-05
1920 10 1 3800 5.607843e-05
1920 10 1 3900 5.609274e-05
1920 10 1 4000 5.583286e-05
1920 10 1 4100 5.507946e-05
1920 10 1 4200 5.676508e-05
1920 10 1 4300 6.176233e-05
1920 10 1 4400 5.695820e-05
1920 10 1 4500 5.904436e-05
1920 10 1 4600 5.655050e-05
1920 10 1 4700 6.118774e-05
1920 10 1 4800 6.028414e-05
1920 10 1 4900 5.769491e-05
1920 10 1 5000 5.626202e-05
1920 10 1 5100 6.412506e-05
1920 10 1 5200 5.736589e-05
1920 10 1 5300 5.675554e-05
1920 10 1 5400 5.661964e-05
1920 10 1 5500 7.007599e-05
1920 10 1 5600 5.691290e-05
1920 10 1 5700 6.487846e-05
1920 10 1 5800 6.170034e-05
1920 10 1 5900 6.046772e-05
1920 10 1 6000 5.747080e-05
1920 10 1 6100 5.773783e-05
1920 10 1 6200 6.005764e-05
1920 10 1 6300 6.453276e-05
1920 10 1 6400 6.219625e-05
1920 10 1 6500 5.907059e-05
1920 10 1 6600 5.871058e-05
1920 10 1 6700 6.598234e-05
1920 10 1 6800 6.109953e-05
1920 10 1 6900 6.012917e-05
1920 10 1 7000 6.309986e-05
1920 10 1 7100 6.344080e-05
1920 10 1 7200 6.046057e-05
1920 10 1 7300 6.930351e-05
1920 10 1 7400 6.012917e-05
1920 10 1 7500 6.423473e-05
1920 10 1 7600 6.145716e-05
1920 10 1 7700 6.210327e-05
1920 10 1 7800 6.266832e-05
1920 10 1 7900 7.282019e-05
1920 10 1 8000 6.378651e-05
1920 10 1 8100 6.390333e-05
1920 10 1 8200 6.819487e-05
1920 10 1 8300 7.676840e-05
1920 10 1 8400 6.890774e-05
1920 10 1 8500 6.691456e-05
1920 10 1 8600 7.447481e-05
1920 10 1 8700 7.352114e-05
1920 10 1 8800 7.170439e-05
1920 10 1 8900 7.303715e-05
1920 10 1 9000 7.448435e-05
1920 10 1 9100 7.565022e-05
1920 10 1 9200 7.969379e-05
1920 10 1 9300 7.157087e-05
1920 10 1 9400 7.119179e-05
1920 10 1 9500 8.296251e-05
1920 10 1 9600 7.223368e-05
1920 10 1 9700 7.529020e-05
1920 10 1 9800 8.561134e-05
1920 10 1 9900 7.161379e-05
1920 10 1 10000 8.265495e-05
1920 10 1 20000 1.076722e-04
1920 10 1 30000 1.675224e-04
1920 10 1 40000 2.168775e-04
1920 10 1 50000 2.559304e-04
1920 10 1 60000 3.206778e-04
1920 10 1 70000 3.647518e-04
1920 10 1 80000 4.276919e-04
1920 10 1 90000 4.857850e-04
1920 10 1 100000 5.419397e-04
1920 10 1 200000 1.119351e-03
1920 10 1 300000 1.691446e-03
1920 10 1 400000 2.231247e-03
1920 10 1 500000 2.778680e-03
1920 10 1 600000 3.318260e-03
1920 10 1 700000 3.857927e-03
1920 10 1 800000 4.432778e-03
1920 10 1 900000 5.010836e-03
1920 10 1 1000000 5.578043e-03
1920 10 1 2000000 1.105142e-02
1920 10 1 3000000 1.649528e-02
1920 10 1 4000000 2.182572e-02
1920 10 1 5000000 3.712083e-02
1920 10 1 6000000 4.589935e-02
1920 10 1 7000000 5.200373e-02
1920 10 1 8000000 5.791809e-02
1920 10 1 9000000 6.775553e-02
1920 11 1 100 3.484488e-05
1920 11 1 200 3.105879e-05
1920 11 1 300 3.458261e-05
1920 11 1 400 3.030539e-05
1920 11 1 500 5.932808e-05
1920 11 1 600 6.477118e-05
1920 11 1 700 5.949974e-05
1920 11 1 800 5.260706e-05
1920 11 1 900 5.356073e-05
1920 11 1 1000 6.298542e-05
1920 11 1 1100 5.552769e-05
1920 11 1 1200 5.340576e-05
1920 11 1 1300 5.808592e-05
1920 11 1 1400 5.339622e-05
1920 11 1 1500 5.843639e-05
1920 11 1 1600 5.441666e-05
1920 11 1 1700 5.385637e-05
1920 11 1 1800 5.961657e-05
1920 11 1 1900 5.655050e-05
1920 11 1 2000 6.011724e-05
1920 11 1 2100 5.431175e-05
1920 11 1 2200 5.439997e-05
1920 11 1 2300 6.108522e-05
1920 11 1 2400 6.571293e-05
1920 11 1 2500 6.263018e-05
1920 11 1 2600 6.599665e-05
1920 11 1 2700 6.558180e-05
1920 11 1 2800 5.656958e-05
1920 11 1 2900 5.968332e-05
1920 11 1 3000 5.568504e-05
1920 11 1 3100 6.495953e-05
1920 11 1 3200 6.388187e-05
1920 11 1 3300 6.595612e-05
1920 11 1 3400 5.868196e-05
1920 11 1 3500 5.605936e-05
1920 11 1 3600 5.809307e-05
1920 11 1 3700 5.656481e-05
1920 11 1 3800 5.702734e-05
1920 11 1 3900 5.566120e-05
1920 11 1 4000 6.958961e-05
1920 11 1 4100 5.630493e-05
1920 11 1 4200 6.094456e-05
1920 11 1 4300 6.460190e-05
1920 11 1 4400 5.943298e-05
1920 11 1 4500 6.172419e-05
1920 11 1 4600 5.724907e-05
1920 11 1 4700 6.105423e-05
1920 11 1 4800 6.422281e-05
1920 11 1 4900 6.157160e-05
1920 11 1 5000 5.790710e-05
1920 11 1 5100 5.910397e-05
1920 11 1 5200 5.830765e-05
1920 11 1 5300 6.487608e-05
1920 11 1 5400 6.423950e-05
1920 11 1 5500 6.940126e-05
1920 11 1 5600 5.791426e-05
1920 11 1 5700 5.756617e-05
1920 11 1 5800 5.915642e-05
1920 11 1 5900 5.957842e-05
1920 11 1 6000 6.034374e-05
1920 11 1 6100 6.719112e-05
1920 11 1 6200 5.877018e-05
1920 11 1 6300 6.907940e-05
1920 11 1 6400 5.897760e-05
1920 11 1 6500 7.128477e-05
1920 11 1 6600 6.422758e-05
1920 11 1 6700 6.175756e-05
1920 11 1 6800 6.983519e-05
1920 11 1 6900 6.462336e-05
1920 11 1 7000 6.727219e-05
1920 11 1 7100 6.280422e-05
1920 11 1 7200 6.654024e-05
1920 11 1 7300 6.285429e-05
1920 11 1 7400 6.299734e-05
1920 11 1 7500 6.345272e-05
1920 11 1 7600 7.797480e-05
1920 11 1 7700 6.916285e-05
1920 11 1 7800 7.444859e-05
1920 11 1 7900 6.949425e-05
1920 11 1 8000 7.992268e-05
1920 11 1 8100 7.099390e-05
1920 11 1 8200 6.865263e-05
1920 11 1 8300 8.909941e-05
1920 11 1 8400 8.958817e-05
1920 11 1 8500 6.859541e-05
1920 11 1 8600 7.920980e-05
1920 11 1 8700 7.078648e-05
1920 11 1 8800 7.480621e-05
1920 11 1 8900 8.074999e-05
1920 11 1 9000 7.054567e-05
1920 11 1 9100 7.112026e-05
1920 11 1 9200 7.758856e-05
1920 11 1 9300 7.230282e-05
1920 11 1 9400 8.001328e-05
1920 11 1 9500 8.353472e-05
1920 11 1 9600 8.959293e-05
1920 11 1 9700 8.696795e-05
1920 11 1 9800 7.976294e-05
1920 11 1 9900 1.019478e-04
1920 11 1 10000 7.456779e-05
1920 11 1 20000 1.235557e-04
1920 11 1 30000 1.741457e-04
1920 11 1 40000 2.427197e-04
1920 11 1 50000 2.868795e-04
1920 11 1 60000 3.430414e-04
1920 11 1 70000 4.028797e-04
1920 11 1 80000 4.668283e-04
1920 11 1 90000 5.344653e-04
1920 11 1 100000 5.915904e-04
1920 11 1 200000 1.237869e-03
1920 11 1 300000 1.874380e-03
1920 11 1 400000 2.502050e-03
1920 11 1 500000 3.096101e-03
1920 11 1 600000 3.720810e-03
1920 11 1 700000 4.299276e-03
1920 11 1 800000 4.904509e-03
1920 11 1 900000 5.604670e-03
1920 11 1 1000000 6.127026e-03
1920 11 1 2000000 1.224581e-02
1920 11 1 3000000 1.796190e-02
1920 11 1 4000000 2.429653e-02
1920 11 1 5000000 3.710352e-02
1920 11 1 6000000 4.034469e-02
1920 11 1 7000000 4.550629e-02
1920 11 1 8000000 5.246333e-02
1920 11 1 9000000 6.607462e-02
1920 12 1 100 3.194332e-05
1920 12 1 200 3.202915e-05
1920 12 1 300 3.064632e-05
1920 12 1 400 3.691673e-05
1920 12 1 500 5.784273e-05
1920 12 1 600 5.783319e-05
1920 12 1 700 5.522013e-05
1920 12 1 800 5.713940e-05
1920 12 1 900 5.430937e-05
1920 12 1 1000 5.667210e-05
1920 12 1 1100 7.030725e-05
1920 12 1 1200 6.134748e-05
1920 12 1 1300 5.480051e-05
1920 12 1 1400 5.608320e-05
1920 12 1 1500 6.051064e-05
1920 12 1 1600 6.514311e-05
1920 12 1 1700 5.447149e-05
1920 12 1 1800 5.586147e-05
1920 12 1 1900 6.063223e-05
1920 12 1 2000 5.612612e-05
1920 12 1 2100 5.848646e-05
1920 12 1 2200 6.621361e-05
1920 12 1 2300 5.663157e-05
1920 12 1 2400 5.565643e-05
1920 12 1 2500 5.405664e-05
1920 12 1 2600 6.587744e-05
1920 12 1 2700 6.607533e-05
1920 12 1 2800 5.710363e-05
1920 12 1 2900 5.612850e-05
1920 12 1 3000 5.936861e-05
1920 12 1 3100 6.190538e-05
1920 12 1 3200 5.872011e-05
1920 12 1 3300 5.990744e-05
1920 12 1 3400 5.766392e-05
1920 12 1 3500 5.759239e-05
1920 12 1 3600 6.237745e-05
1920 12 1 3700 6.065845e-05
1920 12 1 3800 6.303072e-05
1920 12 1 3900 6.840706e-05
1920 12 1 4000 5.776405e-05
1920 12 1 4100 5.688667e-05
1920 12 1 4200 6.978035e-05
1920 12 1 4300 5.933285e-05
1920 12 1 4400 5.908251e-05
1920 12 1 4500 6.884575e-05
1920 12 1 4600 6.605625e-05
1920 12 1 4700 6.451607e-05
1920 12 1 4800 6.850719e-05
1920 12 1 4900 6.548882e-05
1920 12 1 5000 5.875349e-05
1920 12 1 5100 6.515980e-05
1920 12 1 5200 6.644487e-05
1920 12 1 5300 5.951405e-05
1920 12 1 5400 6.453514e-05
1920 12 1 5500 6.109238e-05
1920 12 1 5600 5.973101e-05
1920 12 1 5700 6.163836e-05
1920 12 1 5800 7.670164e-05
1920 12 1 5900 6.480217e-05
1920 12 1 6000 6.664753e-05
1920 12 1 6100 6.187677e-05
1920 12 1 6200 6.500959e-05
1920 12 1 6300 6.038189e-05
1920 12 1 6400 6.139517e-05
1920 12 1 6500 6.626606e-05
1920 12 1 6600 7.066488e-05
1920 12 1 6700 7.357359e-05
1920 12 1 6800 6.366014e-05
1920 12 1 6900 6.467342e-05
1920 12 1 7000 6.886721e-05
1920 12 1 7100 6.531715e-05
1920 12 1 7200 7.309914e-05
1920 12 1 7300 6.566525e-05
1920 12 1 7400 6.675720e-05
1920 12 1 7500 6.509781e-05
1920 12 1 7600 6.797075e-05
1920 12 1 7700 6.830692e-05
1920 12 1 7800 7.311583e-05
1920 12 1 7900 7.567883e-05
1920 12 1 8000 7.352114e-05
1920 12 1 8100 7.336378e-05
1920 12 1 8200 7.848740e-05
1920 12 1 8300 7.696867e-05
1920 12 1 8400 8.509398e-05
1920 12 1 8500 7.861853e-05
1920 12 1 8600 7.913351e-05
1920 12 1 8700 1.012635e-04
1920 12 1 8800 8.022785e-05
1920 12 1 8900 8.276463e-05
1920 12 1 9000 7.521868e-05
1920 12 1 9100 7.601976e-05
1920 12 1 9200 8.112907e-05
1920 12 1 9300 7.538557e-05
1920 12 1 9400 7.607222e-05
1920 12 1 9500 7.820129e-05
1920 12 1 9600 8.366823e-05
1920 12 1 9700 8.598089e-05
1920 12 1 9800 7.832766e-05
1920 12 1 9900 7.951021e-05
1920 12 1 10000 9.003878e-05
1920 12 1 20000 1.427054e-04
1920 12 1 30000 1.913595e-04
1920 12 1 40000 2.790833e-04
1920 12 1 50000 3.249574e-04
1920 12 1 60000 3.816175e-04
1920 12 1 70000 4.518700e-04
1920 12 1 80000 5.214977e-04
1920 12 1 90000 5.961442e-04
1920 12 1 100000 6.644964e-04
1920 12 1 200000 1.380990e-03
1920 12 1 300000 2.051058e-03
1920 12 1 400000 2.731576e-03
1920 12 1 500000 3.406858e-03
1920 12 1 600000 4.126716e-03
1920 12 1 700000 4.736528e-03
1920 12 1 800000 5.474448e-03
1920 12 1 900000 6.264367e-03
1920 12 1 1000000 6.874917e-03
1920 12 1 2000000 1.345996e-02
1920 12 1 3000000 2.103712e-02
1920 12 1 4000000 2.686876e-02
1920 12 1 5000000 3.792285e-02
1920 12 1 6000000 4.677019e-02
1920 12 1 7000000 5.360953e-02
1920 12 1 8000000 6.124105e-02
1920 12 1 9000000 6.893979e-02
