128 8 0 1 2 2 2 2 2 2 2
128 64 0 1 2 2 2 2 2 2 2
128 512 0 2 2 2 2 2 2 2
128 4096 0 8 2 2 2 2
128 32768 0 64 2
128 262144 0 128
128 2097152 0 64
127 8 0 1 2 2 2 2 2 2 2
127 64 1 1 2 2 2 2 2 2 2
127 512 1 1 2 2 2 2 2 2 2
127 4096 1 1 2 2 2 2 2 2 2
127 32768 0 127
127 262144 0 127
127 2097152 0 127
126 8 0 1 2 2 2 2 2 2 2
126 64 1 1 2 2 2 2 2 2 2
126 512 1 1 2 2 2 2 2 2 2
126 4096 1 1 2 2 2 2 2 2 2
126 32768 0 6 3 7
126 262144 0 63
126 2097152 0 63
125 8 0 1 2 2 2 2 2 2 2
125 64 1 1 2 2 2 2 2 2 2
125 512 1 1 2 2 2 2 2 2 2
125 4096 0 25 5
125 32768 0 5 5 5
125 262144 0 25 5
125 2097152 0 25 5
124 8 0 1 2 2 2 2 2 2 2
124 64 1 1 2 2 2 2 2 2 2
124 512 1 1 2 2 2 2 2 2 2
124 4096 0 2 2 31
124 32768 0 124
124 262144 0 62
124 2097152 0 62
123 8 0 1 2 2 2 2 2 2 2
123 64 1 1 2 2 2 2 2 2 2
123 512 1 1 2 2 2 2 2 2 2
123 4096 1 1 2 2 2 2 2 2 2
123 32768 0 123
123 262144 0 123
123 2097152 0 123
122 8 0 1 2 2 2 2 2 2 2
122 64 1 1 2 2 2 2 2 2 2
122 512 1 1 2 2 2 2 2 2 2
122 4096 1 1 2 2 2 2 2 2 2
122 32768 0 61
122 262144 0 61
122 2097152 0 61
121 8 0 1 2 2 2 2 2 2 2
121 64 1 1 2 2 2 2 2 2 2
121 512 1 1 2 2 2 2 2 2 2
121 4096 1 1 2 2 2 2 2 2 2
121 32768 0 121
121 262144 0 11 11
121 2097152 0 121
120 8 0 1 2 2 2 2 2 2 2
120 64 1 1 2 2 2 2 2 2 2
120 512 1 1 2 2 2 2 2 2 2
120 4096 0 2 2 2 3 5
120 32768 0 24 5
120 262144 0 60
120 2097152 0 60
119 8 0 1 2 2 2 2 2 2 2
119 64 1 1 2 2 2 2 2 2 2
119 512 1 1 2 2 2 2 2 2 2
119 4096 0 7 17
119 32768 0 119
119 262144 0 7 17
119 2097152 0 119
118 8 0 1 2 2 2 2 2 2 2
118 64 1 1 2 2 2 2 2 2 2
118 512 1 1 2 2 2 2 2 2 2
118 4096 1 1 2 2 2 2 2 2 2
118 32768 0 118
118 262144 0 59
118 2097152 0 59
117 8 0 1 2 2 2 2 2 2 2
117 64 1 1 2 2 2 2 2 2 2
117 512 1 1 2 2 2 2 2 2 2
117 4096 0 3 3 13
117 32768 0 117
117 262144 0 117
117 2097152 0 117
116 8 0 1 2 2 2 2 2 2 2
116 64 1 1 2 2 2 2 2 2 2
116 512 1 1 2 2 2 2 2 2 2
116 4096 0 2 2 29
116 32768 0 58
116 262144 0 58
116 2097152 0 58
115 8 0 1 2 2 2 2 2 2 2
115 64 1 1 2 2 2 2 2 2 2
115 512 1 1 2 2 2 2 2 2 2
115 4096 1 1 2 2 2 2 2 2 2
115 32768 0 115
115 262144 0 115
115 2097152 0 115
114 8 0 1 2 2 2 2 2 2 2
114 64 1 1 2 2 2 2 2 2 2
114 512 1 1 2 2 2 2 2 2 2
114 4096 0 2 3 19
114 32768 0 57
114 262144 0 57
114 2097152 0 57
113 8 0 1 2 2 2 2 2 2 2
113 64 1 1 2 2 2 2 2 2 2
113 512 1 1 2 2 2 2 2 2 2
113 4096 1 1 2 2 2 2 2 2 2
113 32768 0 113
113 262144 1 1 2 2 2 2 2 2 2
113 2097152 0 113
112 8 0 1 2 2 2 2 2 2 2
112 64 1 1 2 2 2 2 2 2 2
112 512 1 1 2 2 2 2 2 2 2
112 4096 0 2 2 2 2 7
112 32768 0 16 7
112 262144 0 56
112 2097152 0 56
111 8 0 1 2 2 2 2 2 2 2
111 64 1 1 2 2 2 2 2 2 2
111 512 1 1 2 2 2 2 2 2 2
111 4096 1 1 2 2 2 2 2 2 2
111 32768 0 111
111 262144 0 111
111 2097152 0 111
110 8 0 1 2 2 2 2 2 2 2
110 64 1 1 2 2 2 2 2 2 2
110 512 1 1 2 2 2 2 2 2 2
110 4096 0 2 5 11
110 32768 0 55
110 262144 0 55
110 2097152 0 55
109 8 0 1 2 2 2 2 2 2 2
109 64 1 1 2 2 2 2 2 2 2
109 512 1 1 2 2 2 2 2 2 2
109 4096 1 1 2 2 2 2 2 2 2
109 32768 0 109
109 262144 0 109
109 2097152 0 109
108 8 0 1 2 2 2 2 2 2 2
108 64 1 1 2 2 2 2 2 2 2
108 512 1 1 2 2 2 2 2 2 2
108 4096 0 4 3 3 3
108 32768 0 108
108 262144 0 54
108 2097152 0 108
107 8 0 1 2 2 2 2 2 2 2
107 64 1 1 2 2 2 2 2 2 2
107 512 1 1 2 2 2 2 2 2 2
107 4096 1 1 2 2 2 2 2 2 2
107 32768 0 107
107 262144 0 107
107 2097152 0 107
106 8 0 1 2 2 2 2 2 2 2
106 64 1 1 2 2 2 2 2 2 2
106 512 1 1 2 2 2 2 2 2 2
106 4096 1 1 2 2 2 2 2 2 2
106 32768 0 53
106 262144 0 53
106 2097152 0 53
105 8 0 1 2 2 2 2 2 2 2
105 64 1 1 2 2 2 2 2 2 2
105 512 1 1 2 2 2 2 2 2 2
105 4096 0 3 5 7
105 32768 0 15 7
105 262144 0 15 7
105 2097152 0 105
104 8 0 1 2 2 2 2 2 2 2
104 64 1 1 2 2 2 2 2 2 2
104 512 0 2 2 2 13
104 4096 0 8 13
104 32768 0 104
104 262144 0 52
104 2097152 0 52
103 8 0 1 2 2 2 2 2 2 2
103 64 1 1 2 2 2 2 2 2 2
103 512 1 1 2 2 2 2 2 2 2
103 4096 1 1 2 2 2 2 2 2 2
103 32768 0 103
103 262144 0 103
103 2097152 0 103
102 8 0 1 2 2 2 2 2 2 2
102 64 1 1 2 2 2 2 2 2 2
102 512 1 1 2 2 2 2 2 2 2
102 4096 0 2 3 17
102 32768 0 102
102 262144 0 51
102 2097152 0 102
101 8 0 1 2 2 2 2 2 2 2
101 64 1 1 2 2 2 2 2 2 2
101 512 1 1 2 2 2 2 2 2 2
101 4096 1 1 2 2 2 2 2 2 2
101 32768 0 101
101 262144 0 101
101 2097152 0 101
100 8 0 1 2 2 2 2 2 2 2
100 64 1 1 2 2 2 2 2 2 2
100 512 0 2 2 5 5
100 4096 0 4 5 5
100 32768 0 100
100 262144 0 50
100 2097152 0 100
99 8 0 1 2 2 2 2 2 2 2
99 64 1 1 2 2 2 2 2 2 2
99 512 1 1 2 2 2 2 2 2 2
99 4096 0 9 11
99 32768 0 99
99 262144 0 99
99 2097152 0 99
98 8 0 1 2 2 2 2 2 2 2
98 64 1 1 2 2 2 2 2 2 2
98 512 1 1 2 2 2 2 2 2 2
98 4096 0 2 7 7
98 32768 0 49
98 262144 0 49
98 2097152 0 98
97 8 0 1 2 2 2 2 2 2 2
97 64 1 1 2 2 2 2 2 2 2
97 512 1 1 2 2 2 2 2 2 2
97 4096 1 1 2 2 2 2 2 2 2
97 32768 0 97
97 262144 0 97
97 2097152 0 97
96 8 0 1 2 2 2 2 2 2 2
96 64 1 1 2 2 2 2 2 2 2
96 512 0 1 2 2 2 2 2 3
96 4096 0 8 2 2 3
96 32768 0 48
96 262144 0 48
96 2097152 0 32 3
95 8 0 1 2 2 2 2 2 2 2
95 64 1 1 2 2 2 2 2 2 2
95 512 1 1 2 2 2 2 2 2 2
95 4096 0 5 19
95 32768 0 95
95 262144 0 5 19
95 2097152 0 95
94 8 0 1 2 2 2 2 2 2 2
94 64 1 1 2 2 2 2 2 2 2
94 512 1 1 2 2 2 2 2 2 2
94 4096 1 1 2 2 2 2 2 2 2
94 32768 0 94
94 262144 0 47
94 2097152 0 47
93 8 0 1 2 2 2 2 2 2 2
93 64 1 1 2 2 2 2 2 2 2
93 512 1 1 2 2 2 2 2 2 2
93 4096 1 1 2 2 2 2 2 2 2
93 32768 0 93
93 262144 0 93
93 2097152 0 93
92 8 0 1 2 2 2 2 2 2 2
92 64 1 1 2 2 2 2 2 2 2
92 512 1 1 2 2 2 2 2 2 2
92 4096 0 2 2 23
92 32768 0 46
92 262144 0 46
92 2097152 0 92
91 8 0 1 2 2 2 2 2 2 2
91 64 1 1 2 2 2 2 2 2 2
91 512 1 1 2 2 2 2 2 2 2
91 4096 0 7 13
91 32768 0 7 13
91 262144 0 91
91 2097152 0 91
90 8 0 1 2 2 2 2 2 2 2
90 64 1 1 2 2 2 2 2 2 2
90 512 1 1 2 2 2 2 2 2 2
90 4096 0 18 5
90 32768 0 45
90 262144 0 90
90 2097152 0 90
89 8 0 1 2 2 2 2 2 2 2
89 64 1 1 2 2 2 2 2 2 2
89 512 1 1 2 2 2 2 2 2 2
89 4096 1 1 2 2 2 2 2 2 2
89 32768 0 89
89 262144 0 89
89 2097152 0 89
88 8 0 1 2 2 2 2 2 2 2
88 64 1 1 2 2 2 2 2 2 2
88 512 0 2 2 2 11
88 4096 0 8 11
88 32768 0 44
88 262144 0 44
88 2097152 0 88
87 8 0 1 2 2 2 2 2 2 2
87 64 1 1 2 2 2 2 2 2 2
87 512 1 1 2 2 2 2 2 2 2
87 4096 1 1 2 2 2 2 2 2 2
87 32768 0 87
87 262144 0 87
87 2097152 0 87
86 8 0 1 2 2 2 2 2 2 2
86 64 1 1 2 2 2 2 2 2 2
86 512 1 1 2 2 2 2 2 2 2
86 4096 1 1 2 2 2 2 2 2 2
86 32768 0 43
86 262144 0 43
86 2097152 0 43
85 8 0 1 2 2 2 2 2 2 2
85 64 1 1 2 2 2 2 2 2 2
85 512 1 1 2 2 2 2 2 2 2
85 4096 0 5 17
85 32768 0 85
85 262144 0 5 17
85 2097152 0 85
84 8 0 1 2 2 2 2 2 2 2
84 64 1 1 2 2 2 2 2 2 2
84 512 1 1 2 2 2 2 2 2 2
84 4096 0 4 3 7
84 32768 0 84
84 262144 0 42
84 2097152 0 84
83 8 0 1 2 2 2 2 2 2 2
83 64 1 1 2 2 2 2 2 2 2
83 512 1 1 2 2 2 2 2 2 2
83 4096 1 1 2 2 2 2 2 2 2
83 32768 0 83
83 262144 0 83
83 2097152 0 83
82 8 0 1 2 2 2 2 2 2 2
82 64 1 1 2 2 2 2 2 2 2
82 512 1 1 2 2 2 2 2 2 2
82 4096 1 1 2 2 2 2 2 2 2
82 32768 0 41
82 262144 0 41
82 2097152 0 41
81 8 0 1 2 2 2 2 2 2 2
81 64 1 1 2 2 2 2 2 2 2
81 512 1 1 2 2 2 2 2 2 2
81 4096 0 9 3 3
81 32768 0 81
81 262144 0 27 3
81 2097152 0 81
80 8 0 1 2 2 2 2 2 2 2
80 64 1 1 2 2 2 2 2 2 2
80 512 0 4 2 2 5
80 4096 0 4 2 2 5
80 32768 0 40
80 262144 0 40
80 2097152 0 80
79 8 0 1 2 2 2 2 2 2 2
79 64 1 1 2 2 2 2 2 2 2
79 512 1 1 2 2 2 2 2 2 2
79 4096 1 1 2 2 2 2 2 2 2
79 32768 0 79
79 262144 0 79
79 2097152 0 79
78 8 0 1 2 2 2 2 2 2 2
78 64 1 1 2 2 2 2 2 2 2
78 512 1 1 2 2 2 2 2 2 2
78 4096 0 2 3 13
78 32768 0 78
78 262144 0 78
78 2097152 0 78
77 8 0 1 2 2 2 2 2 2 2
77 64 1 1 2 2 2 2 2 2 2
77 512 1 1 2 2 2 2 2 2 2
77 4096 0 7 11
77 32768 0 7 11
77 262144 0 77
77 2097152 0 77
76 8 0 1 2 2 2 2 2 2 2
76 64 1 1 2 2 2 2 2 2 2
76 512 1 1 2 2 2 2 2 2 2
76 4096 0 2 2 19
76 32768 0 38
76 262144 0 38
76 2097152 0 76
75 8 0 1 2 2 2 2 2 2 2
75 64 1 1 2 2 2 2 2 2 2
75 512 1 1 2 2 2 2 2 2 2
75 4096 0 3 5 5
75 32768 0 75
75 262144 0 75
75 2097152 0 75
74 8 0 1 2 2 2 2 2 2 2
74 64 1 1 2 2 2 2 2 2 2
74 512 1 1 2 2 2 2 2 2 2
74 4096 1 1 2 2 2 2 2 2 2
74 32768 0 74
74 262144 0 74
74 2097152 0 74
73 8 0 1 2 2 2 2 2 2 2
73 64 1 1 2 2 2 2 2 2 2
73 512 1 1 2 2 2 2 2 2 2
73 4096 1 1 2 2 2 2 2 2 2
73 32768 1 1 2 2 2 2 2 2 2
73 262144 1 1 2 2 2 2 2 2 2
73 2097152 0 73
72 8 0 1 2 2 2 2 2 2 2
72 64 1 1 2 2 2 2 2 2 2
72 512 0 1 2 2 2 3 3
72 4096 0 8 3 3
72 32768 0 36
72 262144 0 36
72 2097152 0 72
71 8 0 1 2 2 2 2 2 2 2
71 64 1 1 2 2 2 2 2 2 2
71 512 1 1 2 2 2 2 2 2 2
71 4096 1 1 2 2 2 2 2 2 2
71 32768 0 71
71 262144 0 71
71 2097152 0 71
70 8 0 1 2 2 2 2 2 2 2
70 64 1 1 2 2 2 2 2 2 2
70 512 1 1 2 2 2 2 2 2 2
70 4096 0 10 7
70 32768 0 10 7
70 262144 0 70
70 2097152 0 70
69 8 0 1 2 2 2 2 2 2 2
69 64 1 1 2 2 2 2 2 2 2
69 512 1 1 2 2 2 2 2 2 2
69 4096 1 1 2 2 2 2 2 2 2
69 32768 0 69
69 262144 0 69
69 2097152 0 69
68 8 0 1 2 2 2 2 2 2 2
68 64 1 1 2 2 2 2 2 2 2
68 512 1 1 2 2 2 2 2 2 2
68 4096 0 2 2 17
68 32768 0 34
68 262144 0 34
68 2097152 0 68
67 8 0 1 2 2 2 2 2 2 2
67 64 1 1 2 2 2 2 2 2 2
67 512 1 1 2 2 2 2 2 2 2
67 4096 1 1 2 2 2 2 2 2 2
67 32768 0 67
67 262144 0 67
67 2097152 0 67
66 8 0 1 2 2 2 2 2 2 2
66 64 1 1 2 2 2 2 2 2 2
66 512 1 1 2 2 2 2 2 2 2
66 4096 0 6 11
66 32768 0 66
66 262144 0 66
66 2097152 0 66
65 8 0 1 2 2 2 2 2 2 2
65 64 1 1 2 2 2 2 2 2 2
65 512 1 1 2 2 2 2 2 2 2
65 4096 0 5 13
65 32768 0 65
65 262144 0 65
65 2097152 0 65
64 8 0 1 2 2 2 2 2 2
64 64 0 1 2 2 2 2 2 2
64 512 0 1 2 2 2 2 2 2
64 4096 0 16 2 2
64 32768 0 64
64 262144 0 32 2
64 2097152 0 64
63 8 0 1 2 2 2 2 2 2
63 64 1 1 2 2 2 2 2 2
63 512 1 1 2 2 2 2 2 2
63 4096 0 3 3 7
63 32768 0 63
63 262144 0 9 7
63 2097152 0 63
62 8 0 1 2 2 2 2 2 2
62 64 1 1 2 2 2 2 2 2
62 512 1 1 2 2 2 2 2 2
62 4096 1 1 2 2 2 2 2 2
62 32768 0 62
62 262144 0 31
62 2097152 0 62
61 8 0 1 2 2 2 2 2 2
61 64 1 1 2 2 2 2 2 2
61 512 1 1 2 2 2 2 2 2
61 4096 1 1 2 2 2 2 2 2
61 32768 0 61
61 262144 0 61
61 2097152 0 61
60 8 0 1 2 2 2 2 2 2
60 64 1 1 2 2 2 2 2 2
60 512 0 1 2 2 3 5
60 4096 1 1 2 2 2 2 2 2
60 32768 0 60
60 262144 0 12 5
60 2097152 0 60
59 8 0 1 2 2 2 2 2 2
59 64 1 1 2 2 2 2 2 2
59 512 1 1 2 2 2 2 2 2
59 4096 1 1 2 2 2 2 2 2
59 32768 0 59
59 262144 0 59
59 2097152 0 59
58 8 0 1 2 2 2 2 2 2
58 64 1 1 2 2 2 2 2 2
58 512 1 1 2 2 2 2 2 2
58 4096 0 2 29
58 32768 1 1 2 2 2 2 2 2
58 262144 0 29
58 2097152 0 58
57 8 0 1 2 2 2 2 2 2
57 64 1 1 2 2 2 2 2 2
57 512 1 1 2 2 2 2 2 2
57 4096 0 3 19
57 32768 0 57
57 262144 0 57
57 2097152 0 57
56 8 0 1 2 2 2 2 2 2
56 64 0 1 2 2 2 7
56 512 0 1 2 2 2 7
56 4096 0 2 2 2 7
56 32768 0 28
56 262144 0 56
56 2097152 0 56
55 8 0 1 2 2 2 2 2 2
55 64 1 1 2 2 2 2 2 2
55 512 1 1 2 2 2 2 2 2
55 4096 1 1 2 2 2 2 2 2
55 32768 0 55
55 262144 0 55
55 2097152 0 55
54 8 0 1 2 2 2 2 2 2
54 64 1 1 2 2 2 2 2 2
54 512 0 2 3 3 3
54 4096 1 1 2 2 2 2 2 2
54 32768 0 18 3
54 262144 0 54
54 2097152 0 54
53 8 0 1 2 2 2 2 2 2
53 64 1 1 2 2 2 2 2 2
53 512 1 1 2 2 2 2 2 2
53 4096 1 1 2 2 2 2 2 2
53 32768 0 53
53 262144 0 53
53 2097152 0 53
52 8 0 1 2 2 2 2 2 2
52 64 1 1 2 2 2 2 2 2
52 512 1 1 2 2 2 2 2 2
52 4096 0 2 2 13
52 32768 0 52
52 262144 0 52
52 2097152 0 52
51 8 0 1 2 2 2 2 2 2
51 64 1 1 2 2 2 2 2 2
51 512 1 1 2 2 2 2 2 2
51 4096 1 1 2 2 2 2 2 2
51 32768 1 1 2 2 2 2 2 2
51 262144 0 51
51 2097152 0 51
50 8 0 1 2 2 2 2 2 2
50 64 1 1 2 2 2 2 2 2
50 512 1 1 2 2 2 2 2 2
50 4096 0 2 5 5
50 32768 1 1 2 2 2 2 2 2
50 262144 0 25
50 2097152 0 50
49 8 0 1 2 2 2 2 2 2
49 64 1 1 2 2 2 2 2 2
49 512 1 1 2 2 2 2 2 2
49 4096 1 1 2 2 2 2 2 2
49 32768 0 49
49 262144 0 7 7
49 2097152 0 49
48 8 0 1 2 2 2 2 2 2
48 64 0 1 2 2 2 2 3
48 512 1 1 2 2 2 2 2 2
48 4096 0 4 2 2 3
48 32768 0 48
48 262144 0 16 3
48 2097152 0 48
47 8 0 1 2 2 2 2 2 2
47 64 1 1 2 2 2 2 2 2
47 512 1 1 2 2 2 2 2 2
47 4096 1 1 2 2 2 2 2 2
47 32768 0 47
47 262144 0 47
47 2097152 0 47
46 8 0 1 2 2 2 2 2 2
46 64 1 1 2 2 2 2 2 2
46 512 1 1 2 2 2 2 2 2
46 4096 0 2 23
46 32768 0 46
46 262144 0 23
46 2097152 0 46
45 8 0 1 2 2 2 2 2 2
45 64 1 1 2 2 2 2 2 2
45 512 1 1 2 2 2 2 2 2
45 4096 0 3 3 5
45 32768 0 9 5
45 262144 0 45
45 2097152 0 45
44 8 0 1 2 2 2 2 2 2
44 64 1 1 2 2 2 2 2 2
44 512 1 1 2 2 2 2 2 2
44 4096 0 4 11
44 32768 0 4 11
44 262144 0 22
44 2097152 0 44
43 8 0 1 2 2 2 2 2 2
43 64 1 1 2 2 2 2 2 2
43 512 1 1 2 2 2 2 2 2
43 4096 1 1 2 2 2 2 2 2
43 32768 0 43
43 262144 0 43
43 2097152 0 43
42 8 0 1 2 2 2 2 2 2
42 64 1 1 2 2 2 2 2 2
42 512 1 1 2 2 2 2 2 2
42 4096 0 6 7
42 32768 0 6 7
42 262144 0 42
42 2097152 0 42
41 8 0 1 2 2 2 2 2 2
41 64 1 1 2 2 2 2 2 2
41 512 1 1 2 2 2 2 2 2
41 4096 1 1 2 2 2 2 2 2
41 32768 0 41
41 262144 0 41
41 2097152 0 41
40 8 0 1 2 2 2 2 2 2
40 64 0 1 2 2 2 5
40 512 1 1 2 2 2 2 2 2
40 4096 0 4 2 5
40 32768 0 40
40 262144 0 40
40 2097152 0 40
39 8 0 1 2 2 2 2 2 2
39 64 1 1 2 2 2 2 2 2
39 512 1 1 2 2 2 2 2 2
39 4096 0 3 13
39 32768 0 3 13
39 262144 0 39
39 2097152 0 39
38 8 0 1 2 2 2 2 2 2
38 64 1 1 2 2 2 2 2 2
38 512 1 1 2 2 2 2 2 2
38 4096 0 2 19
38 32768 0 38
38 262144 0 38
38 2097152 0 38
37 8 0 1 2 2 2 2 2 2
37 64 1 1 2 2 2 2 2 2
37 512 1 1 2 2 2 2 2 2
37 4096 1 1 2 2 2 2 2 2
37 32768 0 37
37 262144 0 37
37 2097152 0 37
36 8 0 1 2 2 2 2 2 2
36 64 1 1 2 2 2 2 2 2
36 512 1 1 2 2 2 2 2 2
36 4096 0 4 3 3
36 32768 0 4 3 3
36 262144 0 12 3
36 2097152 0 36
35 8 0 1 2 2 2 2 2 2
35 64 1 1 2 2 2 2 2 2
35 512 1 1 2 2 2 2 2 2
35 4096 0 5 7
35 32768 0 35
35 262144 0 5 7
35 2097152 0 35
34 8 0 1 2 2 2 2 2 2
34 64 1 1 2 2 2 2 2 2
34 512 1 1 2 2 2 2 2 2
34 4096 0 2 17
34 32768 0 34
34 262144 0 34
34 2097152 0 34
33 8 0 1 2 2 2 2 2 2
33 64 1 1 2 2 2 2 2 2
33 512 1 1 2 2 2 2 2 2
33 4096 0 3 11
33 32768 0 33
33 262144 0 33
33 2097152 0 33
32 8 0 1 2 2 2 2 2
32 64 0 1 2 2 2 2 2
32 512 0 1 2 2 2 2 2
32 4096 0 2 2 2 2 2
32 32768 0 8 2 2
32 262144 0 32
32 2097152 0 32
31 8 0 1 2 2 2 2 2
31 64 1 1 2 2 2 2 2
31 512 1 1 2 2 2 2 2
31 4096 1 1 2 2 2 2 2
31 32768 1 1 2 2 2 2 2
31 262144 0 31
31 2097152 0 31
30 8 0 1 2 2 2 2 2
30 64 1 1 2 2 2 2 2
30 512 1 1 2 2 2 2 2
30 4096 1 1 2 2 2 2 2
30 32768 1 1 2 2 2 2 2
30 262144 0 30
30 2097152 0 30
29 8 0 1 2 2 2 2 2
29 64 1 1 2 2 2 2 2
29 512 1 1 2 2 2 2 2
29 4096 1 1 2 2 2 2 2
29 32768 1 1 2 2 2 2 2
29 262144 0 29
29 2097152 0 29
28 8 0 1 2 2 2 2 2
28 64 0 1 2 2 7
28 512 0 2 2 7
28 4096 0 4 7
28 32768 0 14
28 262144 0 28
28 2097152 0 28
27 8 0 1 2 2 2 2 2
27 64 1 1 2 2 2 2 2
27 512 1 1 2 2 2 2 2
27 4096 0 3 3 3
27 32768 0 3 3 3
27 262144 0 27
27 2097152 0 27
26 8 0 1 2 2 2 2 2
26 64 0 1 2 13
26 512 1 1 2 2 2 2 2
26 4096 0 2 13
26 32768 0 26
26 262144 0 26
26 2097152 0 26
25 8 0 1 2 2 2 2 2
25 64 1 1 2 2 2 2 2
25 512 1 1 2 2 2 2 2
25 4096 1 1 2 2 2 2 2
25 32768 1 1 2 2 2 2 2
25 262144 0 25
25 2097152 0 25
24 8 0 1 2 2 2 2 2
24 64 0 1 2 2 2 3
24 512 0 1 2 2 2 3
24 4096 0 4 2 3
24 32768 0 8 3
24 262144 0 24
24 2097152 0 24
23 8 0 1 2 2 2 2 2
23 64 1 1 2 2 2 2 2
23 512 1 1 2 2 2 2 2
23 4096 1 1 2 2 2 2 2
23 32768 0 23
23 262144 0 23
23 2097152 0 23
22 8 0 1 2 2 2 2 2
22 64 0 1 2 11
22 512 1 1 2 2 2 2 2
22 4096 1 1 2 2 2 2 2
22 32768 1 1 2 2 2 2 2
22 262144 0 22
22 2097152 0 22
21 8 0 1 2 2 2 2 2
21 64 1 1 2 2 2 2 2
21 512 1 1 2 2 2 2 2
21 4096 1 1 2 2 2 2 2
21 32768 0 3 7
21 262144 0 21
21 2097152 0 21
20 8 0 1 2 2 2 2 2
20 64 0 1 2 2 5
20 512 0 1 2 2 5
20 4096 0 4 5
20 32768 0 4 5
20 262144 0 20
20 2097152 0 20
19 8 0 1 2 2 2 2 2
19 64 1 1 2 2 2 2 2
19 512 1 1 2 2 2 2 2
19 4096 1 1 2 2 2 2 2
19 32768 0 19
19 262144 0 19
19 2097152 0 19
18 8 0 1 2 2 2 2 2
18 64 1 1 2 2 2 2 2
18 512 1 1 2 2 2 2 2
18 4096 1 1 2 2 2 2 2
18 32768 0 6 3
18 262144 0 18
18 2097152 0 18
17 8 0 1 2 2 2 2 2
17 64 1 1 2 2 2 2 2
17 512 1 1 2 2 2 2 2
17 4096 1 1 2 2 2 2 2
17 32768 1 1 2 2 2 2 2
17 262144 0 17
17 2097152 0 17
16 8 0 1 2 2 2 2
16 64 0 1 2 2 2 2
16 512 0 1 2 2 2 2
16 4096 0 2 2 2 2
16 32768 0 8 2
16 262144 0 16
16 2097152 0 16
15 8 0 1 2 2 2 2
15 64 0 1 3 5
15 512 1 1 2 2 2 2
15 4096 1 1 2 2 2 2
15 32768 0 3 5
15 262144 0 15
15 2097152 0 15
14 8 0 1 2 2 2 2
14 64 0 1 2 7
14 512 0 1 2 7
14 4096 0 2 7
14 32768 0 14
14 262144 0 14
14 2097152 0 14
13 8 0 1 2 2 2 2
13 64 0 1 13
13 512 1 1 2 2 2 2
13 4096 0 13
13 32768 0 13
13 262144 0 13
13 2097152 0 13
12 8 0 1 2 2 2 2
12 64 0 1 2 2 3
12 512 0 1 2 2 3
12 4096 0 2 2 3
12 32768 0 4 3
12 262144 0 12
12 2097152 0 12
11 8 0 1 2 2 2 2
11 64 1 1 2 2 2 2
11 512 1 1 2 2 2 2
11 4096 1 1 2 2 2 2
11 32768 0 11
11 262144 0 11
11 2097152 0 11
10 8 0 1 2 2 2 2
10 64 1 1 2 2 2 2
10 512 0 1 2 5
10 4096 1 1 2 2 2 2
10 32768 0 10
10 262144 0 10
10 2097152 0 10
9 8 0 1 2 2 2 2
9 64 1 1 2 2 2 2
9 512 1 1 2 2 2 2
9 4096 1 1 2 2 2 2
9 32768 0 3 3
9 262144 0 9
9 2097152 0 9
8 8 0 1 2 2 2
8 64 0 1 2 2 2
8 512 0 1 2 2 2
8 4096 0 2 2 2
8 32768 0 8
8 262144 0 8
8 2097152 0 8
7 8 0 1 2 2 2
7 64 1 1 2 2 2
7 512 1 1 2 2 2
7 4096 1 1 2 2 2
7 32768 0 7
7 262144 0 7
7 2097152 0 7
6 8 0 1 2 2 2
6 64 1 1 2 2 2
6 512 1 1 2 2 2
6 4096 1 1 2 2 2
6 32768 0 6
6 262144 0 6
6 2097152 0 6
5 8 0 1 2 2 2
5 64 1 1 2 2 2
5 512 1 1 2 2 2
5 4096 1 1 2 2 2
5 32768 0 5
5 262144 0 5
5 2097152 0 5
4 8 0 1 2 2
4 64 0 1 2 2
4 512 0 1 2 2
4 4096 0 1 2 2
4 32768 0 4
4 262144 0 4
4 2097152 0 4
3 8 0 1 2 2
3 64 1 1 2 2
3 512 1 1 2 2
3 4096 1 1 2 2
3 32768 0 3
3 262144 0 3
3 2097152 0 3
2 8 0 1 2
2 64 0 1 2
2 512 0 1 2
2 4096 0 1 2
2 32768 0 2
2 262144 0 2
2 2097152 0 2
1 8 0 1
1 64 0 1
1 512 0 1
1 4096 0 1
1 32768 0 1
1 262144 0 1
1 2097152 0 1
